
CASCADE Topology V1, (c) Matra-Datavision
Locations 39
1
1.000000000000000 0.000000000000000 0.000000000000000 0.000000000000000 
0.000000000000000 1.000000000000000 0.000000000000000 0.000000000000000 
0.000000000000000 0.000000000000000 1.000000000000000 0.000000000000000 
1
1.000000000000000 0.000000000000000 0.000000000000000 0.000000000000000 
0.000000000000000 1.000000000000000 0.000000000000000 0.000000000000000 
0.000000000000000 0.000000000000000 1.000000000000000 0.000000000000000 
1
1.000000000000000 0.000000000000000 0.000000000000000 0.000000000000000 
0.000000000000000 1.000000000000000 0.000000000000000 0.000000000000000 
0.000000000000000 0.000000000000000 1.000000000000000 0.000000000000000 
1
1.000000000000000 0.000000000000000 0.000000000000000 0.000000000000000 
0.000000000000000 1.000000000000000 0.000000000000000 0.000000000000000 
0.000000000000000 0.000000000000000 1.000000000000000 0.000000000000000 
1
1.000000000000000 0.000000000000000 0.000000000000000 0.000000000000000 
0.000000000000000 1.000000000000000 0.000000000000000 0.000000000000000 
0.000000000000000 0.000000000000000 1.000000000000000 0.000000000000000 
2  2 1 3 -1 4 1 5 -1 0
1
1.000000000000000 0.000000000000000 0.000000000000000 0.000000000000000 
0.000000000000000 1.000000000000000 0.000000000000000 0.000000000000000 
0.000000000000000 0.000000000000000 1.000000000000000 0.000000000000000 
1
1.000000000000000 0.000000000000000 0.000000000000000 0.000000000000000 
0.000000000000000 1.000000000000000 0.000000000000000 0.000000000000000 
0.000000000000000 0.000000000000000 1.000000000000000 0.000000000000000 
1
1.000000000000000 0.000000000000000 0.000000000000000 0.000000000000000 
0.000000000000000 1.000000000000000 0.000000000000000 0.000000000000000 
0.000000000000000 0.000000000000000 1.000000000000000 0.000000000000000 
2  7 1 8 1 9 -1 0
1
1.000000000000000 0.000000000000000 0.000000000000000 0.000000000000000 
0.000000000000000 1.000000000000000 0.000000000000000 0.000000000000000 
0.000000000000000 0.000000000000000 1.000000000000000 27.000000000000000 
2  7 1 8 1 9 -1 11 1 0
2  9 1 8 -1 7 -1 0
2  11 -1 9 1 8 -1 7 -1 0
2  9 -1 2 1 3 -1 4 1 5 -1 0
2  7 1 8 1 0
2  4 1 5 -1 0
2  9 -1 11 1 2 1 3 -1 0
2  7 1 8 1 9 -1 11 1 2 1 3 -1 0
1
1.000000000000000 0.000000000000000 0.000000000000000 0.000000000000000 
0.000000000000000 1.000000000000000 0.000000000000000 0.000000000000000 
0.000000000000000 0.000000000000000 1.000000000000000 0.000000000000000 
1
1.000000000000000 0.000000000000000 0.000000000000000 0.000000000000000 
0.000000000000000 1.000000000000000 0.000000000000000 0.000000000000000 
0.000000000000000 0.000000000000000 1.000000000000000 27.000000000000000 
2  20 1 21 1 3 -1 0
2  3 1 21 -1 20 -1 0
1
1.000000000000000 0.000000000000000 0.000000000000000 -0.000000000000000 
0.000000000000000 1.000000000000000 0.000000000000000 -0.000000000000000 
0.000000000000000 0.000000000000000 1.000000000000000 -23.000000000000000 
2  24 -1 3 1 21 -1 20 -1 0
2  20 1 21 1 3 -1 24 1 0
2  20 1 21 1 3 -1 4 1 5 -1 0
2  5 1 4 -1 0
1
1.000000000000000 0.000000000000000 0.000000000000000 0.000000000000000 
0.000000000000000 1.000000000000000 0.000000000000000 0.000000000000000 
0.000000000000000 0.000000000000000 1.000000000000000 6.000000000000000 
2  5 -1 29 1 0
2  20 1 21 1 3 -1 24 1 4 1 5 -1 0
2  5 1 4 -1 24 -1 3 1 21 -1 20 -1 0
2  3 -1 24 1 4 1 5 -1 0
1
1.000000000000000 0.000000000000000 0.000000000000000 0.000000000000000 
0.000000000000000 1.000000000000000 0.000000000000000 0.000000000000000 
0.000000000000000 0.000000000000000 1.000000000000000 0.000000000000000 
1
1.000000000000000 0.000000000000000 0.000000000000000 0.000000000000000 
0.000000000000000 1.000000000000000 0.000000000000000 0.000000000000000 
0.000000000000000 0.000000000000000 1.000000000000000 2.999999999999996 
2  34 1 35 1 5 -1 29 1 0
2  5 1 35 -1 34 -1 0
2  29 -1 5 1 35 -1 34 -1 0
2  34 1 35 1 0
Curve2ds 114
1 3.14160635939550215 0.00000000000000000 0.00000000000000000 -1.00000000000000000 
1 1.57079632679490455 0.00000000000000000 0.00000000000000000 -1.00000000000000000 
1 1.57079632679489656 0.00000000000000000 0.00000000000000000 -1.00000000000000000 
1 0.00000000000000000 0.00000000000000000 1.00000000000000000 0.00000000000000000 
1 0.00000000000000000 -27.00000000000000000 1.00000000000000000 0.00000000000000000 
1 0.00000000000000000 0.00000000000000000 1.00000000000000000 0.00000000000000000 
1 0.00000000000000000 -27.00000000000000000 1.00000000000000000 0.00000000000000000 
1 0.00000000000000000 0.00000000000000000 1.00000000000000000 0.00000000000000000 
1 0.00000000000000000 -27.00000000000000000 1.00000000000000000 0.00000000000000000 
1 0.00000000000000000 0.00000000000000000 1.00000000000000000 0.00000000000000000 
1 0.00000000000000000 -27.00000000000000000 1.00000000000000000 0.00000000000000000 
1 0.00000000000000000 0.00000000000000000 1.00000000000000000 0.00000000000000000 
1 0.00000000000000000 -27.00000000000000000 1.00000000000000000 0.00000000000000000 
1 0.00000000000000000 0.00000000000000000 1.00000000000000000 0.00000000000000000 
1 0.00000000000000000 -23.00000000000000000 1.00000000000000000 0.00000000000000000 
1 0.00000000000000000 0.00000000000000000 1.00000000000000000 0.00000000000000000 
1 0.00000000000000000 -23.00000000000000000 1.00000000000000000 0.00000000000000000 
1 0.00000000000000000 0.00000000000000000 1.00000000000000000 0.00000000000000000 
1 0.00000000000000000 -23.00000000000000000 1.00000000000000000 0.00000000000000000 
1 0.00000000000000000 0.00000000000000000 1.00000000000000000 0.00000000000000000 
1 0.00000000000000000 -23.00000000000000000 1.00000000000000000 0.00000000000000000 
1 0.00000000000000000 0.00000000000000000 1.00000000000000000 0.00000000000000000 
1 0.00000000000000000 -23.00000000000000000 1.00000000000000000 0.00000000000000000 
1 0.00000000000000000 0.00000000000000000 1.00000000000000000 0.00000000000000000 
1 0.00000000000000000 -23.00000000000000000 1.00000000000000000 0.00000000000000000 
1 3.14158027265902362 0.00000000000000000 0.00000000000000000 -1.00000000000000000 
1 3.14157899965758958 0.00000000000000000 0.00000000000000000 -1.00000000000000000 
1 1.57079632679489656 0.00000000000000000 0.00000000000000000 -1.00000000000000000 
1 2.26892744801857482 0.00000000000000000 0.00000000000000000 -1.00000000000000000 
1 1.57079632679489656 0.00000000000000000 0.00000000000000000 -1.00000000000000000 
1 3.14160590275456286 0.00000000000000000 0.00000000000000000 -1.00000000000000000 
1 1.57079632679489678 0.00000000000000000 0.00000000000000000 -1.00000000000000000 
1 1.57079632679489567 0.00000000000000000 0.00000000000000000 -1.00000000000000000 
1 2.26892836812608145 0.00000000000000000 0.00000000000000000 -1.00000000000000000 
1 1.57079632679489634 0.00000000000000000 0.00000000000000000 -1.00000000000000000 
1 3.14158027265902362 0.00000000000000000 0.00000000000000000 -1.00000000000000000 
1 1.57079632679489678 0.00000000000000000 0.00000000000000000 -1.00000000000000000 
1 3.14160590275456286 0.00000000000000000 0.00000000000000000 -1.00000000000000000 
1 1.57079632679489656 0.00000000000000000 0.00000000000000000 -1.00000000000000000 
8 -82.11958057245544751 -72.90162320599414159
1 63.94908538792145691 -18.00000000000000711 -1.00000000000000000 0.00000000000000000 
8 -82.11958057245544751 -72.90162320599414159
1 -78.95522180142047830 -29.95300129273630674 -0.93969247122833621 0.34202055423144184 
8 -6.00066314679750690 0.00066314679750690
1 137.35326351951209745 -24.00000000000000355 0.00000000000000000 -1.00000000000000000 
8 -6.00066314679750690 0.00066314679750690
1 3.49835210701213217 0.00000000000000000 0.00000000000000000 1.00000000000000000 
1 2.26892744801857482 0.00000000000000000 0.00000000000000000 -1.00000000000000000 
1 0.00000000000000000 -18.00000000000000355 1.00000000000000000 0.00000000000000000 
2 -0.07796742589815153 -53.34112339723936458 -0.93969247122833621 0.34202055423144190 -0.34202055423144190 -0.93969247122833621 5.00000000000001421
8 -82.31370860624974739 -73.10482530155924508
1 63.99675546378707480 -18.00000000000000355 -1.00000000000000000 0.00000000000000000 
8 -82.31370860624974739 -73.10482530155924508
1 78.98174170721566156 -29.88672047791457231 0.93969296856890561 0.34201918779822543 
8 -6.00066314679750690 0.00066314679750690
1 137.60556548819238287 -24.00000000000000355 0.00000000000000000 -1.00000000000000000 
8 -6.00066314679750690 0.00066314679750690
1 2.78432195966469775 0.00000000000000000 0.00000000000000000 1.00000000000000000 
1 1.57079632679489589 0.00000000000000000 0.00000000000000000 -1.00000000000000000 
1 3.14157899965758958 0.00000000000000000 0.00000000000000000 -1.00000000000000000 
1 1.57079632679489611 0.00000000000000000 0.00000000000000000 -1.00000000000000000 
1 3.14160635939550215 0.00000000000000000 0.00000000000000000 -1.00000000000000000 
2 2.74944183638140771 -71.17757381712594622 -0.99999999999973577 0.00000072706385173 0.00000072706385173 0.99999999999973577 7.50000000000000000
1 6.28318530717958623 -1.00000000000000711 -1.00000000000000000 0.00000000000000000 
8 -2.80868847783748210 2.92707825946909095
1 -0.05924118847644877 -63.67757177503206378 -0.99999999999973577 0.00000072706385172 
8 -2.80868847783748210 2.92707825946909095
1 0.05919489081581875 1.99999999999999378 -1.00000000000000000 0.00000000000000000 
2 -2.98632490092364833 -71.17756964685727894 0.99999999999973577 -0.00000072706385173 -0.00000072706385173 -0.99999999999973577 7.50000000000000000
1 6.28318530717958623 -1.00000000000000711 -1.00000000000000000 0.00000000000000000 
2 -44.58872776105098978 -38.30555870305084198 1.00000000000000000 0.00000000000000000 0.00000000000000000 -1.00000000000000000 3.50000000000000000
1 6.28318530717958623 -1.00000000000000711 -1.00000000000000000 0.00000000000000000 
2 -116.19407517773187521 -12.24611565436144645 1.00000000000000000 0.00000000000000000 0.00000000000000000 -1.00000000000000000 3.50000000000000000
1 6.28318530717958623 -1.00000000000000711 -1.00000000000000000 0.00000000000000000 
2 44.58264916140822720 -38.22502832988104160 1.00000000000000000 0.00000000000000000 0.00000000000000000 -1.00000000000000000 3.50000000000000000
1 6.28318530717958623 -1.00000000000000711 -1.00000000000000000 0.00000000000000000 
2 116.18340632226809817 -12.16341765436142452 1.00000000000000000 0.00000000000000000 0.00000000000000000 -1.00000000000000000 3.50000000000000000
1 6.28318530717958623 -1.00000000000000711 -1.00000000000000000 0.00000000000000000 
2 -25.04476717773165717 15.39508734563867165 1.00000000000000000 0.00000000000000000 0.00000000000000000 -1.00000000000000000 3.50000000000000000
1 6.28318530717958623 -1.00000000000000711 -1.00000000000000000 0.00000000000000000 
2 -96.64852417773188620 41.45583934563858008 1.00000000000000000 0.00000000000000000 0.00000000000000000 -1.00000000000000000 3.50000000000000000
1 6.28318530717958623 -1.00000000000000711 -1.00000000000000000 0.00000000000000000 
2 25.03669832226813696 15.47713534563857252 1.00000000000000000 0.00000000000000000 0.00000000000000000 -1.00000000000000000 3.50000000000000000
1 6.28318530717958623 -1.00000000000000711 -1.00000000000000000 0.00000000000000000 
2 96.63900482226810595 41.53833734563858116 1.00000000000000000 0.00000000000000000 0.00000000000000000 -1.00000000000000000 3.50000000000000000
1 6.28318530717958623 -1.00000000000000711 -1.00000000000000000 0.00000000000000000 
1 0.00000000000000000 0.00000000000000000 1.00000000000000000 0.00000000000000000 
1 0.00000000000000000 -6.00000000000000000 1.00000000000000000 0.00000000000000000 
1 0.00000000000000000 0.00000000000000000 1.00000000000000000 0.00000000000000000 
1 0.00000000000000000 -6.00000000000000000 1.00000000000000000 0.00000000000000000 
1 1.57079632679489656 0.00000000000000000 0.00000000000000000 -1.00000000000000000 
1 4.71238898038468967 0.00000000000000000 0.00000000000000000 -1.00000000000000000 
1 0.00000000000000000 0.00000000000000000 0.00000000000000000 -1.00000000000000000 
1 6.28318530717958623 0.00000000000000000 0.00000000000000000 -1.00000000000000000 
1 0.00000000000000000 0.00000000000000000 1.00000000000000000 0.00000000000000000 
1 0.00000000000000000 -6.00000000000000000 1.00000000000000000 0.00000000000000000 
1 0.00000000000000000 0.00000000000000000 0.00000000000000000 -1.00000000000000000 
1 6.28318530717958623 0.00000000000000000 0.00000000000000000 -1.00000000000000000 
1 0.00000000000000000 0.00000000000000000 1.00000000000000000 0.00000000000000000 
1 0.00000000000000000 -6.00000000000000000 1.00000000000000000 0.00000000000000000 
1 0.00000000000000000 0.00000000000000000 0.00000000000000000 -1.00000000000000000 
1 6.28318530717958623 0.00000000000000000 0.00000000000000000 -1.00000000000000000 
1 0.00000000000000000 0.00000000000000000 1.00000000000000000 0.00000000000000000 
1 0.00000000000000000 -6.00000000000000000 1.00000000000000000 0.00000000000000000 
1 0.00000000000000000 0.00000000000000000 0.00000000000000000 -1.00000000000000000 
1 6.28318530717958623 0.00000000000000000 0.00000000000000000 -1.00000000000000000 
1 0.00000000000000000 0.00000000000000000 1.00000000000000000 0.00000000000000000 
1 0.00000000000000000 -6.00000000000000000 1.00000000000000000 0.00000000000000000 
1 0.00000000000000000 0.00000000000000000 0.00000000000000000 -1.00000000000000000 
1 6.28318530717958623 0.00000000000000000 0.00000000000000000 -1.00000000000000000 
1 0.00000000000000000 0.00000000000000000 1.00000000000000000 0.00000000000000000 
1 0.00000000000000000 -6.00000000000000000 1.00000000000000000 0.00000000000000000 
1 0.00000000000000000 0.00000000000000000 0.00000000000000000 -1.00000000000000000 
1 6.28318530717958623 0.00000000000000000 0.00000000000000000 -1.00000000000000000 
1 0.00000000000000000 0.00000000000000000 1.00000000000000000 0.00000000000000000 
1 0.00000000000000000 -6.00000000000000000 1.00000000000000000 0.00000000000000000 
1 0.00000000000000000 0.00000000000000000 0.00000000000000000 -1.00000000000000000 
1 6.28318530717958623 0.00000000000000000 0.00000000000000000 -1.00000000000000000 
1 0.00000000000000000 0.00000000000000000 1.00000000000000000 0.00000000000000000 
1 0.00000000000000000 -6.00000000000000000 1.00000000000000000 0.00000000000000000 
1 0.00000000000000000 0.00000000000000000 0.00000000000000000 -1.00000000000000000 
1 6.28318530717958623 0.00000000000000000 0.00000000000000000 -1.00000000000000000 
1 0.00000000000000000 0.00000000000000000 1.00000000000000000 0.00000000000000000 
1 0.00000000000000000 -6.00000000000000000 1.00000000000000000 0.00000000000000000 
Curves 83
1 139.33961435442287780 96.52087888804388172 0.00000000000000000 0.00000000000000000 0.00000000000000000 1.00000000000000000 
1 242.89882687110946335 134.21323655744456005 0.00000000000000000 0.00000000000000000 0.00000000000000000 1.00000000000000000 
1 139.33961435442287780 96.52087888804388172 0.00000000000000000 0.93969295082716997 0.34201923654339400 0.00000000000000000 
1 36.00919233093832617 134.13022956846700140 0.00000000000000000 0.00000000000000000 0.00000000000000000 1.00000000000000000 
1 36.00919233093832617 134.13022956846700140 0.00000000000000000 0.93969217427410812 -0.34202137010426603 0.00000000000000000 
1 254.43427874549303169 128.83405721536036026 0.00000000000000000 0.00000000000000000 0.00000000000000000 1.00000000000000000 
2 245.97700000000000387 125.75600000000002865 0.00000000000000000 -0.00000000000000000 0.00000000000000000 1.00000000000000000 0.34200635726225986 -0.93969763838811449 0.00000000000000000 0.93969763838811449 0.34200635726225986 0.00000000000000000 9.00000000000000355
1 254.43427874549303169 128.83405721536036026 0.00000000000000000 0.34200635726225959 -0.93969763838811460 0.00000000000000000 
2 276.82600000000002183 40.99520000000001119 0.00000000000000000 0.00000000000000000 0.00000000000000000 1.00000000000000000 -0.93969296856890550 -0.34201918779822582 0.00000000000000000 0.34201918779822582 -0.93969296856890550 0.00000000000000000 8.99999999999998934
1 279.90417269018405477 32.53796328287987194 0.00000000000000000 -0.93969296856890561 -0.34201918779822560 0.00000000000000000 
2 139.33908568533291827 -9.04578608761542569 0.00000000000000000 0.00000000000000000 0.00000000000000000 1.00000000000000000 -0.93969247122833621 0.34202055423144190 0.00000000000000000 -0.34202055423144190 -0.93969247122833621 0.00000000000000000 9.00000000000001243
1 -0.99872498808296806 32.45546775894497671 0.00000000000000000 0.93969247122833621 -0.34202055423144190 0.00000000000000000 
2 2.07946000000001163 40.91270000000000095 0.00000000000000000 0.00000000000000000 -0.00000000000000000 1.00000000000000000 0.34203300434180661 0.93968793965918163 0.00000000000000000 -0.93968793965918163 0.34203300434180661 0.00000000000000000 9.00000000000000178
1 24.47380854306736353 128.75129703907626322 0.00000000000000000 -0.34203300434180645 -0.93968793965918163 0.00000000000000000 
2 32.93099999999999739 125.67300000000000182 0.00000000000000000 -0.00000000000000000 0.00000000000000000 1.00000000000000000 0.93969217427410812 -0.34202137010426598 0.00000000000000000 0.34202137010426598 0.93969217427410812 0.00000000000000000 8.99999999999999822
2 139.33961435442287780 96.52087888804388172 0.00000000000000000 0.00000000000000000 0.00000000000000000 1.00000000000000000 -0.93969217427410801 0.34202137010426625 0.00000000000000000 -0.34202137010426625 -0.93969217427410801 0.00000000000000000 4.00000000000000000
1 34.64110685052132510 130.37146087137054451 0.00000000000000000 0.93969217427410812 -0.34202137010426603 0.00000000000000000 
2 32.93099999999999739 125.67300000000000182 0.00000000000000000 -0.00000000000000000 0.00000000000000000 1.00000000000000000 0.93969217427410812 -0.34202137010426598 0.00000000000000000 0.34202137010426598 0.93969217427410812 0.00000000000000000 4.99999999999999822
1 28.23256030170409048 127.38316502170903277 0.00000000000000000 -0.34203300434180645 -0.93968793965918163 0.00000000000000000 
2 2.07946000000001163 40.91270000000000095 0.00000000000000000 0.00000000000000000 -0.00000000000000000 1.00000000000000000 0.34203300434180661 0.93968793965918163 0.00000000000000000 -0.93968793965918163 0.34203300434180661 0.00000000000000000 5.00000000000000000
1 0.36935722884280109 36.21423764385831845 0.00000000000000000 0.93969247122833621 -0.34202055423144184 0.00000000000000000 
2 139.33908568533291827 -9.04578608761543279 0.00000000000000000 0.00000000000000000 0.00000000000000000 1.00000000000000000 -0.93969247122833621 0.34202055423144190 0.00000000000000000 -0.34202055423144190 -0.93969247122833621 0.00000000000000000 5.00000000000001421
1 278.53609593899113861 36.29673515715546728 0.00000000000000000 -0.93969296856890561 -0.34201918779822543 0.00000000000000000 
2 276.82600000000002183 40.99520000000001119 0.00000000000000000 0.00000000000000000 0.00000000000000000 1.00000000000000000 -0.93969296856890550 -0.34201918779822582 0.00000000000000000 0.34201918779822582 -0.93969296856890550 0.00000000000000000 5.00000000000001421
1 250.67548819194055909 127.46603178631131925 0.00000000000000000 0.34200635726226047 -0.93969763838811426 0.00000000000000000 
2 245.97700000000000387 125.75600000000002865 0.00000000000000000 -0.00000000000000000 0.00000000000000000 1.00000000000000000 0.34200635726225986 -0.93969763838811449 0.00000000000000000 0.93969763838811449 0.34200635726225986 0.00000000000000000 4.99999999999999467
1 140.70769130059645136 92.76210708473520583 0.00000000000000000 0.93969295082716997 0.34201923654339389 0.00000000000000000 
1 24.47380854306736353 128.75129703907626322 0.00000000000000000 0.00000000000000000 0.00000000000000000 1.00000000000000000 
1 285.28327874549302123 44.07325721536034280 0.00000000000000000 0.00000000000000000 0.00000000000000000 1.00000000000000000 
1 279.90417269018405477 32.53796328287987194 0.00000000000000000 0.00000000000000000 0.00000000000000000 1.00000000000000000 
1 142.41725837551695122 -17.50302280473559335 0.00000000000000000 0.00000000000000000 0.00000000000000000 1.00000000000000000 
1 136.26090069724992304 -17.50301832867046414 0.00000000000000000 0.00000000000000000 0.00000000000000000 1.00000000000000000 
1 -0.99872498808296806 32.45546775894497671 0.00000000000000000 0.00000000000000000 0.00000000000000000 1.00000000000000000 
1 -6.37773145693262311 43.99099703907626235 0.00000000000000000 0.00000000000000000 0.00000000000000000 1.00000000000000000 
1 137.97152887400579857 92.76211019094745325 27.00000000000000000 -0.00000000000000000 -0.00000000000000000 -1.00000000000000000 
1 140.70769130059645136 92.76210708473520583 27.00000000000000000 -0.00000000000000000 -0.00000000000000000 -1.00000000000000000 
1 34.64110685052132510 130.37146087137054451 27.00000000000000000 -0.00000000000000000 -0.00000000000000000 -1.00000000000000000 
1 28.23256030170409048 127.38316502170903277 27.00000000000000000 -0.00000000000000000 -0.00000000000000000 -1.00000000000000000 
1 -2.61897969829589572 42.62286502170903191 27.00000000000000000 -0.00000000000000000 -0.00000000000000000 -1.00000000000000000 
1 0.36935722884280109 36.21423764385831845 27.00000000000000000 -0.00000000000000000 -0.00000000000000000 -1.00000000000000000 
1 137.62898291417570817 -13.74424844375712418 27.00000000000000000 -0.00000000000000000 -0.00000000000000000 -1.00000000000000000 
1 60.46183130981059151 14.34233601688762505 8.99999999999999467 -0.93969247122833621 0.34202055423144184 0.00000000000000000 
1 129.43918485676999808 -10.76340167058248198 2.99999999999999645 0.00000000000000000 -0.00000000000000000 -1.00000000000000000 
1 141.04918162432403506 -13.74425093045997670 27.00000000000000000 -0.00000000000000000 -0.00000000000000000 -1.00000000000000000 
2 139.33908568533291827 -9.04578608761543279 8.99999999999999645 0.00000000000000000 0.00000000000000000 1.00000000000000000 -0.93969247122833621 0.34202055423144190 0.00000000000000000 -0.34202055423144190 -0.93969247122833621 0.00000000000000000 5.00000000000001421
1 218.39879481844673137 14.40861683170935947 8.99999999999999645 0.93969296856890561 0.34201918779822543 -0.00000000000000000 
1 149.22911361378868378 -10.76700858763162039 2.99999999999999645 -0.00000000000000000 0.00000000000000000 -1.00000000000000000 
1 278.53609593899113861 36.29673515715546728 27.00000000000000000 -0.00000000000000000 -0.00000000000000000 -1.00000000000000000 
1 281.52448819194063390 42.70523178631131600 27.00000000000000000 -0.00000000000000000 -0.00000000000000000 -1.00000000000000000 
1 250.67548819194055909 127.46603178631131925 27.00000000000000000 -0.00000000000000000 -0.00000000000000000 -1.00000000000000000 
1 244.26690381728303691 130.45446475413586995 27.00000000000000000 -0.00000000000000000 -0.00000000000000000 -1.00000000000000000 
2 142.20270451411329304 -8.14411416276451838 4.00000000000000355 0.00000000000000000 0.00000000000000000 -1.00000000000000000 -0.99999999999973577 0.00000072706385173 0.00000000000000000 0.00000072706385173 0.99999999999973577 0.00000000000000000 7.50000000000000000
1 139.39402148925543656 -0.64411212067064094 4.00000000000000355 -0.99999999999973577 0.00000072706385172 0.00000000000000000 
2 136.46693777680823700 -8.14410999249586176 4.00000000000000355 0.00000000000000000 -0.00000000000000000 -1.00000000000000000 0.99999999999973577 -0.00000072706385173 0.00000000000000000 -0.00000072706385173 -0.99999999999973577 0.00000000000000000 7.50000000000000000
2 94.86453491668089555 24.72790095131058052 4.00000000000000355 0.00000000000000000 0.00000000000000000 -1.00000000000000000 1.00000000000000000 0.00000000000000000 0.00000000000000000 0.00000000000000000 -1.00000000000000000 0.00000000000000000 3.50000000000000000
2 23.25918750000001367 50.78734399999997606 4.00000000000000355 0.00000000000000000 0.00000000000000000 -1.00000000000000000 1.00000000000000000 0.00000000000000000 0.00000000000000000 0.00000000000000000 -1.00000000000000000 0.00000000000000000 3.50000000000000000
2 184.03591183914011253 24.80843132448038446 4.00000000000000355 0.00000000000000000 0.00000000000000000 -1.00000000000000000 1.00000000000000000 0.00000000000000000 0.00000000000000000 0.00000000000000000 -1.00000000000000000 0.00000000000000000 3.50000000000000000
2 255.63666899999998350 50.87004199999999798 4.00000000000000355 0.00000000000000000 0.00000000000000000 -1.00000000000000000 1.00000000000000000 0.00000000000000000 0.00000000000000000 0.00000000000000000 -1.00000000000000000 0.00000000000000000 3.50000000000000000
2 114.40849550000022816 78.42854700000009416 4.00000000000000355 0.00000000000000000 0.00000000000000000 -1.00000000000000000 1.00000000000000000 0.00000000000000000 0.00000000000000000 0.00000000000000000 -1.00000000000000000 0.00000000000000000 3.50000000000000000
2 42.80473849999999914 104.48929900000000259 4.00000000000000355 0.00000000000000000 0.00000000000000000 -1.00000000000000000 1.00000000000000000 0.00000000000000000 0.00000000000000000 0.00000000000000000 -1.00000000000000000 0.00000000000000000 3.50000000000000000
2 164.48996100000002230 78.51059499999999503 4.00000000000000355 0.00000000000000000 0.00000000000000000 -1.00000000000000000 1.00000000000000000 0.00000000000000000 0.00000000000000000 0.00000000000000000 -1.00000000000000000 0.00000000000000000 3.50000000000000000
2 236.09226749999999129 104.57179700000000366 4.00000000000000355 0.00000000000000000 0.00000000000000000 -1.00000000000000000 1.00000000000000000 0.00000000000000000 0.00000000000000000 0.00000000000000000 -1.00000000000000000 0.00000000000000000 3.50000000000000000
1 138.37886547555547168 -0.64411138258739553 8.99999999999999645 0.99999999999973577 -0.00000072706385172 0.00000000000000000 
2 142.20270451411329304 -8.14411416276451838 0.00000000000000000 -0.00000000000000000 -0.00000000000000000 1.00000000000000000 -0.99999999999973577 0.00000072706385173 0.00000000000000000 -0.00000072706385173 -0.99999999999973577 -0.00000000000000000 7.50000000000000000
2 136.46693777680823700 -8.14410999249586176 0.00000000000000000 0.00000000000000000 -0.00000000000000000 1.00000000000000000 0.99999999999973577 -0.00000072706385173 -0.00000000000000000 0.00000072706385173 0.99999999999973577 0.00000000000000000 7.50000000000000000
1 136.46694322978711966 -0.64410999249784329 2.99999999999999645 0.00000000000000000 0.00000000000000000 1.00000000000000000 
1 142.20270996709217570 -0.64411416276649991 2.99999999999999645 0.00000000000000000 0.00000000000000000 1.00000000000000000 
1 98.36453491668089555 24.72790095131058052 2.99999999999999645 0.00000000000000000 0.00000000000000000 1.00000000000000000 
2 94.86453491668089555 24.72790095131058052 0.00000000000000000 0.00000000000000000 0.00000000000000000 1.00000000000000000 1.00000000000000000 0.00000000000000000 0.00000000000000000 0.00000000000000000 1.00000000000000000 0.00000000000000000 3.50000000000000000
1 26.75918750000001367 50.78734399999997606 2.99999999999999645 0.00000000000000000 0.00000000000000000 1.00000000000000000 
2 23.25918750000001367 50.78734399999997606 0.00000000000000000 0.00000000000000000 0.00000000000000000 1.00000000000000000 1.00000000000000000 0.00000000000000000 0.00000000000000000 0.00000000000000000 1.00000000000000000 0.00000000000000000 3.50000000000000000
1 187.53591183914011253 24.80843132448038446 2.99999999999999645 0.00000000000000000 0.00000000000000000 1.00000000000000000 
2 184.03591183914011253 24.80843132448038446 0.00000000000000000 0.00000000000000000 0.00000000000000000 1.00000000000000000 1.00000000000000000 0.00000000000000000 0.00000000000000000 0.00000000000000000 1.00000000000000000 0.00000000000000000 3.50000000000000000
1 259.13666899999998350 50.87004199999999798 2.99999999999999645 0.00000000000000000 0.00000000000000000 1.00000000000000000 
2 255.63666899999998350 50.87004199999999798 0.00000000000000000 0.00000000000000000 0.00000000000000000 1.00000000000000000 1.00000000000000000 0.00000000000000000 0.00000000000000000 0.00000000000000000 1.00000000000000000 0.00000000000000000 3.50000000000000000
1 117.90849550000022816 78.42854700000009416 2.99999999999999645 0.00000000000000000 0.00000000000000000 1.00000000000000000 
2 114.40849550000022816 78.42854700000009416 0.00000000000000000 0.00000000000000000 0.00000000000000000 1.00000000000000000 1.00000000000000000 0.00000000000000000 0.00000000000000000 0.00000000000000000 1.00000000000000000 0.00000000000000000 3.50000000000000000
1 46.30473849999999914 104.48929900000000259 2.99999999999999645 0.00000000000000000 0.00000000000000000 1.00000000000000000 
2 42.80473849999999914 104.48929900000000259 0.00000000000000000 0.00000000000000000 0.00000000000000000 1.00000000000000000 1.00000000000000000 0.00000000000000000 0.00000000000000000 0.00000000000000000 1.00000000000000000 0.00000000000000000 3.50000000000000000
1 167.98996100000002230 78.51059499999999503 2.99999999999999645 0.00000000000000000 0.00000000000000000 1.00000000000000000 
2 164.48996100000002230 78.51059499999999503 0.00000000000000000 0.00000000000000000 0.00000000000000000 1.00000000000000000 1.00000000000000000 0.00000000000000000 0.00000000000000000 0.00000000000000000 1.00000000000000000 0.00000000000000000 3.50000000000000000
1 239.59226749999999129 104.57179700000000366 2.99999999999999645 0.00000000000000000 0.00000000000000000 1.00000000000000000 
2 236.09226749999999129 104.57179700000000366 0.00000000000000000 0.00000000000000000 0.00000000000000000 1.00000000000000000 1.00000000000000000 0.00000000000000000 0.00000000000000000 0.00000000000000000 1.00000000000000000 0.00000000000000000 3.50000000000000000
Polygon3D 0
PolygonOnTriangulations 0
Surfaces 47
1 139.33961435442287780 96.52087888804388172 0.00000000000000000 -0.34201923654339400 0.93969295082716997 0.00000000000000000 0.93969295082716997 0.34201923654339400 0.00000000000000000 0.00000000000000000 0.00000000000000000 -1.00000000000000000 
2 245.97700000000000387 125.75600000000002865 0.00000000000000000 0.00000000000000000 -0.00000000000000000 -1.00000000000000000 0.34200635726225986 -0.93969763838811449 0.00000000000000000 0.93969763838811449 0.34200635726225986 -0.00000000000000000 9.00000000000000355
1 36.00919233093832617 134.13022956846700140 0.00000000000000000 0.34202137010426603 0.93969217427410812 -0.00000000000000000 0.93969217427410812 -0.34202137010426603 0.00000000000000000 0.00000000000000000 -0.00000000000000000 -1.00000000000000000 
2 32.93099999999999739 125.67300000000000182 0.00000000000000000 0.00000000000000000 -0.00000000000000000 -1.00000000000000000 0.93969217427410812 -0.34202137010426598 0.00000000000000000 0.34202137010426598 0.93969217427410812 -0.00000000000000000 8.99999999999999822
1 254.43427874549303169 128.83405721536036026 0.00000000000000000 0.93969763838811460 0.34200635726225959 -0.00000000000000000 0.34200635726225959 -0.93969763838811460 0.00000000000000000 0.00000000000000000 -0.00000000000000000 -1.00000000000000000 
1 139.45325949719725145 63.34132158441180138 0.00000000000000000 0.00000000000000000 0.00000000000000000 1.00000000000000000 1.00000000000000000 0.00000000000000000 -0.00000000000000000 -0.00000000000000000 1.00000000000000000 0.00000000000000000 
2 276.82600000000002183 40.99520000000001119 0.00000000000000000 -0.00000000000000000 -0.00000000000000000 -1.00000000000000000 -0.93969296856890550 -0.34201918779822582 0.00000000000000000 0.34201918779822582 -0.93969296856890550 -0.00000000000000000 8.99999999999998934
2 139.33908568533291827 -9.04578608761542569 0.00000000000000000 -0.00000000000000000 -0.00000000000000000 -1.00000000000000000 -0.93969247122833621 0.34202055423144190 0.00000000000000000 -0.34202055423144190 -0.93969247122833621 0.00000000000000000 9.00000000000001243
2 2.07946000000001163 40.91270000000000095 0.00000000000000000 -0.00000000000000000 0.00000000000000000 -1.00000000000000000 0.34203300434180661 0.93968793965918163 0.00000000000000000 -0.93968793965918163 0.34203300434180661 0.00000000000000000 9.00000000000000178
2 139.33961435442287780 96.52087888804388172 27.00000000000000000 0.00000000000000000 0.00000000000000000 1.00000000000000000 -0.93969217427410801 0.34202137010426625 0.00000000000000000 -0.34202137010426625 -0.93969217427410801 0.00000000000000000 4.00000000000000000
2 32.93099999999999739 125.67300000000000182 27.00000000000000000 -0.00000000000000000 0.00000000000000000 1.00000000000000000 0.93969217427410812 -0.34202137010426598 0.00000000000000000 0.34202137010426598 0.93969217427410812 0.00000000000000000 4.99999999999999822
2 2.07946000000001163 40.91270000000000095 27.00000000000000000 0.00000000000000000 -0.00000000000000000 1.00000000000000000 0.34203300434180661 0.93968793965918163 0.00000000000000000 -0.93968793965918163 0.34203300434180661 0.00000000000000000 5.00000000000000000
2 139.33908568533291827 -9.04578608761543279 27.00000000000000000 0.00000000000000000 0.00000000000000000 1.00000000000000000 -0.93969247122833621 0.34202055423144190 0.00000000000000000 -0.34202055423144190 -0.93969247122833621 0.00000000000000000 5.00000000000001421
2 276.82600000000002183 40.99520000000001119 27.00000000000000000 0.00000000000000000 0.00000000000000000 1.00000000000000000 -0.93969296856890550 -0.34201918779822582 0.00000000000000000 0.34201918779822582 -0.93969296856890550 0.00000000000000000 5.00000000000001421
2 245.97700000000000387 125.75600000000002865 27.00000000000000000 -0.00000000000000000 0.00000000000000000 1.00000000000000000 0.34200635726225986 -0.93969763838811449 0.00000000000000000 0.93969763838811449 0.34200635726225986 0.00000000000000000 4.99999999999999467
1 24.47380854306736353 128.75129703907626322 0.00000000000000000 0.93968793965918163 -0.34203300434180645 0.00000000000000000 -0.34203300434180645 -0.93968793965918163 0.00000000000000000 0.00000000000000000 -0.00000000000000000 -1.00000000000000000 
1 279.90417269018405477 32.53796328287987194 0.00000000000000000 0.34201918779822560 -0.93969296856890561 0.00000000000000000 -0.93969296856890561 -0.34201918779822560 0.00000000000000000 0.00000000000000000 -0.00000000000000000 -1.00000000000000000 
1 -0.99872498808296806 32.45546775894497671 0.00000000000000000 0.34202055423144190 0.93969247122833621 -0.00000000000000000 0.93969247122833621 -0.34202055423144190 0.00000000000000000 0.00000000000000000 -0.00000000000000000 -1.00000000000000000 
1 34.64110685052132510 130.37146087137054451 27.00000000000000000 -0.34202137010426603 -0.93969217427410812 0.00000000000000000 0.93969217427410812 -0.34202137010426603 0.00000000000000000 0.00000000000000000 0.00000000000000000 1.00000000000000000 
1 140.70769130059645136 92.76210708473520583 27.00000000000000000 0.34201923654339389 -0.93969295082716997 0.00000000000000000 0.93969295082716997 0.34201923654339389 0.00000000000000000 -0.00000000000000000 0.00000000000000000 1.00000000000000000 
1 28.23256030170409048 127.38316502170903277 27.00000000000000000 -0.93968793965918163 0.34203300434180645 0.00000000000000000 -0.34203300434180645 -0.93968793965918163 0.00000000000000000 0.00000000000000000 0.00000000000000000 1.00000000000000000 
1 0.36935722884280109 36.21423764385831845 27.00000000000000000 -0.34202055423144184 -0.93969247122833621 0.00000000000000000 0.93969247122833621 -0.34202055423144184 0.00000000000000000 0.00000000000000000 0.00000000000000000 1.00000000000000000 
1 139.41705311123106981 44.29533730962393179 2.99999999999999645 0.00000000000000000 0.00000000000000000 1.00000000000000000 1.00000000000000000 0.00000000000000000 -0.00000000000000000 -0.00000000000000000 1.00000000000000000 0.00000000000000000 
2 136.46693777680823700 -8.14410999249586176 2.99999999999999645 0.00000000000000000 -0.00000000000000000 -1.00000000000000000 0.99999999999973577 -0.00000072706385173 0.00000000000000000 0.00000072706385173 0.99999999999973577 0.00000000000000000 7.50000000000000000
1 278.53609593899113861 36.29673515715546728 27.00000000000000000 -0.34201918779822543 0.93969296856890561 0.00000000000000000 -0.93969296856890561 -0.34201918779822543 0.00000000000000000 0.00000000000000000 0.00000000000000000 1.00000000000000000 
2 142.20270451411329304 -8.14411416276451838 2.99999999999999645 -0.00000000000000000 0.00000000000000000 -1.00000000000000000 -0.99999999999973577 0.00000072706385173 0.00000000000000000 -0.00000072706385173 -0.99999999999973577 -0.00000000000000000 7.50000000000000000
1 250.67548819194055909 127.46603178631131925 27.00000000000000000 -0.93969763838811426 -0.34200635726226047 0.00000000000000000 0.34200635726226047 -0.93969763838811426 0.00000000000000000 0.00000000000000000 0.00000000000000000 1.00000000000000000 
1 139.45326267773188533 63.03345965436142251 27.00000000000000355 0.00000000000000000 0.00000000000000000 1.00000000000000000 1.00000000000000000 0.00000000000000000 -0.00000000000000000 -0.00000000000000000 1.00000000000000000 0.00000000000000000 
1 139.33482659843963347 -0.64411207763217182 5.99999999999999734 0.00000072706385172 0.99999999999973577 0.00000000000000000 0.99999999999973577 -0.00000072706385172 0.00000000000000000 0.00000000000000000 0.00000000000000000 -1.00000000000000000 
2 94.86453491668089555 24.72790095131058052 2.99999999999999645 -0.00000000000000000 -0.00000000000000000 -1.00000000000000000 1.00000000000000000 0.00000000000000000 0.00000000000000000 0.00000000000000000 1.00000000000000000 0.00000000000000000 3.50000000000000000
2 23.25918750000001367 50.78734399999997606 2.99999999999999645 -0.00000000000000000 -0.00000000000000000 -1.00000000000000000 1.00000000000000000 0.00000000000000000 0.00000000000000000 0.00000000000000000 1.00000000000000000 0.00000000000000000 3.50000000000000000
2 184.03591183914011253 24.80843132448038446 2.99999999999999645 -0.00000000000000000 -0.00000000000000000 -1.00000000000000000 1.00000000000000000 0.00000000000000000 0.00000000000000000 0.00000000000000000 1.00000000000000000 0.00000000000000000 3.50000000000000000
2 255.63666899999998350 50.87004199999999798 2.99999999999999645 -0.00000000000000000 -0.00000000000000000 -1.00000000000000000 1.00000000000000000 0.00000000000000000 0.00000000000000000 0.00000000000000000 1.00000000000000000 0.00000000000000000 3.50000000000000000
2 114.40849550000022816 78.42854700000009416 2.99999999999999645 -0.00000000000000000 -0.00000000000000000 -1.00000000000000000 1.00000000000000000 0.00000000000000000 0.00000000000000000 0.00000000000000000 1.00000000000000000 0.00000000000000000 3.50000000000000000
2 42.80473849999999914 104.48929900000000259 2.99999999999999645 -0.00000000000000000 -0.00000000000000000 -1.00000000000000000 1.00000000000000000 0.00000000000000000 0.00000000000000000 0.00000000000000000 1.00000000000000000 0.00000000000000000 3.50000000000000000
2 164.48996100000002230 78.51059499999999503 2.99999999999999645 -0.00000000000000000 -0.00000000000000000 -1.00000000000000000 1.00000000000000000 0.00000000000000000 0.00000000000000000 0.00000000000000000 1.00000000000000000 0.00000000000000000 3.50000000000000000
2 236.09226749999999129 104.57179700000000366 2.99999999999999645 -0.00000000000000000 -0.00000000000000000 -1.00000000000000000 1.00000000000000000 0.00000000000000000 0.00000000000000000 0.00000000000000000 1.00000000000000000 0.00000000000000000 3.50000000000000000
1 136.46694322978711966 -0.64410999249784329 2.99999999999999645 0.00000072706385174 0.99999999999973577 -0.00000000000000000 0.99999999999973577 -0.00000072706385174 0.00000000000000000 0.00000000000000000 -0.00000000000000000 -1.00000000000000000 
1 138.37886547555547168 -0.64411138258739553 2.99999999999999645 0.00000072706385172 0.99999999999973577 -0.00000000000000000 0.99999999999973577 -0.00000072706385172 0.00000000000000000 0.00000000000000000 -0.00000000000000000 -1.00000000000000000 
