
CASCADE Topology V1, (c) Matra-Datavision
Locations 7
1
0.939692950827170 0.000000000000000 0.342019236543394 -13.353512109589994 
0.342019236543394 0.000000000000000 -0.939692950827170 36.688583148085321 
0.000000000000000 1.000000000000000 0.000000000000000 0.000000000000000 
1
1.000000000000000 0.000000000000000 0.000000000000000 0.000000000000000 
0.000000000000000 1.000000000000000 0.000000000000000 0.000000000000000 
0.000000000000000 0.000000000000000 1.000000000000000 0.000000000000000 
1
0.939692950827170 0.000000000000000 0.342019236543394 -13.353512109589994 
0.342019236543394 0.000000000000000 -0.939692950827170 36.688583148085321 
0.000000000000000 1.000000000000000 0.000000000000000 0.000000000000000 
1
1.000000000000000 0.000000000000000 0.000000000000000 0.000000000000000 
0.000000000000000 1.000000000000000 0.000000000000000 0.000000000000000 
0.000000000000000 0.000000000000000 1.000000000000000 0.000000000000000 
2  2 1 3 -1 4 -1 0
1
1.000000000000000 0.000000000000000 0.000000000000000 -1.710096182716970 
0.000000000000000 1.000000000000000 0.000000000000000 4.698464754135850 
0.000000000000000 0.000000000000000 1.000000000000000 0.000000000000000 
2  6 -1 2 1 3 -1 4 -1 0
Curve2ds 4
1 0.00000000000000000 0.00000000000000000 1.00000000000000000 0.00000000000000000 
1 0.00000000000000000 -5.00000000000000089 1.00000000000000000 0.00000000000000000 
1 0.00000000000000000 0.00000000000000000 1.00000000000000000 0.00000000000000000 
1 0.00000000000000000 -5.00000000000000089 1.00000000000000000 0.00000000000000000 
Curves 6
2 258.65382407636576545 7.50000000000000355 0.00000000000000000 0.00000000000000000 0.00000000000000000 1.00000000000000000 1.00000000000000000 0.00000000000000000 0.00000000000000000 0.00000000000000000 1.00000000000000000 0.00000000000000000 3.50000000000000000
1 258.65382407636576545 4.00000000000000355 0.00000000000000000 1.00000000000000000 0.00000000000000000 0.00000000000000000 
1 262.65382426691644469 4.00000000000000355 0.00000000000000000 1.00000000000000000 0.00000000000000000 0.00000000000000000 
2 270.65382464801786000 7.50000000000000355 0.00000000000000000 0.00000000000000000 0.00000000000000000 1.00000000000000000 -1.00000000000000000 -0.00000000000000012 0.00000000000000000 0.00000000000000012 -1.00000000000000000 0.00000000000000000 3.50000000000000000
1 262.65382426691644469 11.00000000000000355 0.00000000000000000 1.00000000000000000 0.00000000000000000 0.00000000000000000 
1 258.65382407636576545 11.00000000000000355 0.00000000000000000 1.00000000000000000 0.00000000000000000 0.00000000000000000 
Polygon3D 0
PolygonOnTriangulations 0
Surfaces 2
2 229.70166307946186635 125.15316658771325820 7.50000000000000355 0.34201923654339395 -0.93969295082716997 0.00000000000000000 0.93969295082716997 0.34201923654339395 0.00000000000000000 0.00000000000000000 0.00000000000000000 1.00000000000000000 3.50000000000000000
2 240.97797902656535030 129.25739762175001601 7.50000000000000355 0.34201923654339395 -0.93969295082716997 0.00000000000000000 -0.93969295082716997 -0.34201923654339395 -0.00000000000000012 0.00000000000000012 0.00000000000000004 -1.00000000000000000 3.50000000000000000
Triangulations 0

TShapes 13
Ve
0.000000100000000
258.653824076365765 11.000000000000004 0.000000000000000
0 0

0101101
*
Ve
0.000000100000000
258.653824076365765 4.000000000000004 0.000000000000000
0 0

0101101
*
Ed
 0.000000100000000 1 1 0
1  1 0 1.570796326794897 4.712388980384690
2  1 1 5 1.570796326794897 4.712388980384690
2  2 1 7 1.570796326794897 4.712388980384690
0

0101000
+13 0 -12 0 *
Ve
0.000000100000000
262.653824266916445 4.000000000000004 0.000000000000000
0 0

0101101
*
Ed
 0.000000100000000 1 1 0
1  2 0 0.000000000000000 4.000000190550679
0

0101000
+12 0 -10 0 *
Ve
0.000000100000000
270.653824648017860 4.000000000000004 0.000000000000000
0 0

0101101
*
Ed
 0.000000100000000 1 1 0
1  3 0 0.000000000000000 8.000000381101415
0

0101000
+10 0 -8 0 *
Ve
0.000000100000000
270.653824648017860 11.000000000000004 0.000000000000000
0 0

0101101
*
Ed
 0.000000100000000 1 1 0
1  4 0 1.570796326794897 4.712388980384690
2  3 2 5 1.570796326794897 4.712388980384690
2  4 2 7 1.570796326794897 4.712388980384690
0

0101000
+8 0 -6 0 *
Ve
0.000000100000000
262.653824266916445 11.000000000000004 0.000000000000000
0 0

0101101
*
Ed
 0.000000100000000 1 1 0
1  5 0 0.000000000000000 8.000000381101415
0

0101000
+4 0 -6 0 *
Ed
 0.000000100000000 1 1 0
1  6 0 0.000000000000000 4.000000190550679
0

0101000
+13 0 -4 0 *
Wi

0101100
+11 0 +9 0 +7 0 +5 0 -3 0 -2 0 *

+1 1 