
CASCADE Topology V1, (c) Matra-Datavision
Locations 7
1
1.000000000000000 0.000000000000000 0.000000000000000 0.000000000000000 
0.000000000000000 -1.000000000000000 0.000000000000000 0.000000000000000 
0.000000000000000 0.000000000000000 -1.000000000000000 0.000000000000000 
1
1.000000000000000 0.000000000000000 0.000000000000000 0.000000000000000 
0.000000000000000 1.000000000000000 0.000000000000000 0.000000000000000 
0.000000000000000 0.000000000000000 1.000000000000000 0.000000000000000 
1
1.000000000000000 0.000000000000000 0.000000000000000 0.000000000000000 
0.000000000000000 -1.000000000000000 0.000000000000000 0.000000000000000 
0.000000000000000 0.000000000000000 -1.000000000000000 0.000000000000000 
1
1.000000000000000 0.000000000000000 0.000000000000000 0.000000000000000 
0.000000000000000 1.000000000000000 0.000000000000000 0.000000000000000 
0.000000000000000 0.000000000000000 1.000000000000000 0.000000000000000 
2  2 1 3 -1 4 -1 0
1
1.000000000000000 0.000000000000000 0.000000000000000 0.000000000000000 
0.000000000000000 1.000000000000000 0.000000000000000 0.000000000000000 
0.000000000000000 0.000000000000000 1.000000000000000 1.500000000000000 
2  6 -1 2 1 3 -1 4 -1 0
Curve2ds 16
1 0.00000000000000000 0.00000000000000000 1.00000000000000000 0.00000000000000000 
1 0.00000000000000000 -1.50000000000000000 1.00000000000000000 0.00000000000000000 
1 0.00000000000000000 0.00000000000000000 1.00000000000000000 0.00000000000000000 
1 0.00000000000000000 -1.50000000000000000 1.00000000000000000 0.00000000000000000 
1 0.00000000000000000 0.00000000000000000 1.00000000000000000 0.00000000000000000 
1 0.00000000000000000 -1.50000000000000000 1.00000000000000000 0.00000000000000000 
1 0.00000000000000000 0.00000000000000000 1.00000000000000000 0.00000000000000000 
1 0.00000000000000000 -1.50000000000000000 1.00000000000000000 0.00000000000000000 
1 0.00000000000000000 0.00000000000000000 1.00000000000000000 0.00000000000000000 
1 0.00000000000000000 -1.50000000000000000 1.00000000000000000 0.00000000000000000 
1 0.00000000000000000 0.00000000000000000 1.00000000000000000 0.00000000000000000 
1 0.00000000000000000 -1.50000000000000000 1.00000000000000000 0.00000000000000000 
1 0.00000000000000000 0.00000000000000000 1.00000000000000000 0.00000000000000000 
1 0.00000000000000000 -1.50000000000000000 1.00000000000000000 0.00000000000000000 
1 0.00000000000000000 0.00000000000000000 1.00000000000000000 0.00000000000000000 
1 0.00000000000000000 -1.50000000000000000 1.00000000000000000 0.00000000000000000 
Curves 32
1 103.14306387594888292 -0.40342584220089028 0.00000000000000000 -0.93967630207532260 -0.34206497528692847 0.00000000000000000 
1 81.43817258649575308 -8.30453294273637077 0.00000000000000000 0.93967630207532271 0.34206497528692853 0.00000000000000000 
1 81.43817258649575308 -8.30453294273637077 0.00000000000000000 -0.93967630207532271 -0.34206497528692842 0.00000000000000000 
2 74.08525159937767057 -14.70586148796036241 0.00000000000000000 -0.00000000000000000 0.00000000000000000 1.00000000000000000 0.34186059515016121 -0.93975067623470088 0.00000000000000000 0.93975067623470088 0.34186059515016121 0.00000000000000000 3.50000000000000000
1 70.79612423255622389 -15.90237357098592597 0.00000000000000000 0.34186059515016159 -0.93975067623470077 0.00000000000000000 
1 73.35997263317855754 -22.95021208302555848 0.00000000000000000 -0.34186059515016026 0.93975067623470132 0.00000000000000000 
1 73.35997263317855754 -22.95021208302555848 0.00000000000000000 0.34186059515015849 -0.93975067623470188 0.00000000000000000 
2 78.87149071869181682 -27.86289541584192975 0.00000000000000000 0.00000000000000000 -0.00000000000000000 1.00000000000000000 0.93967720227708695 0.34206250235988533 0.00000000000000000 -0.34206250235988533 0.93967720227708695 0.00000000000000000 3.50000000000000000
1 80.06870947695141183 -31.15176562381173397 0.00000000000000000 0.93967720227708706 0.34206250235988533 0.00000000000000000 
1 101.77621875825958853 -23.24977020796980298 0.00000000000000000 -0.93967720227708695 -0.34206250235988545 0.00000000000000000 
1 101.77621875825958853 -23.24977020796980298 0.00000000000000000 0.93967720227708673 0.34206250235988622 0.00000000000000000 
2 109.13111285414089480 -16.84774889208478044 0.00000000000000000 0.00000000000000000 0.00000000000000000 1.00000000000000000 -0.34218583363365429 0.93963229790191927 0.00000000000000000 -0.93963229790191927 -0.34218583363365429 0.00000000000000000 3.50000000000000000
1 112.41982589679761873 -15.65009847436699175 0.00000000000000000 -0.34218583363365440 0.93963229790191916 0.00000000000000000 
1 109.23771304265670778 -6.91210958228220385 0.00000000000000000 0.34218583363365890 -0.93963229790191760 0.00000000000000000 
1 109.23771304265670778 -6.91210958228220385 0.00000000000000000 -0.34218583363365607 0.93963229790191860 0.00000000000000000 
2 104.34029128945313403 -3.69229289946451900 0.00000000000000000 0.00000000000000000 0.00000000000000000 1.00000000000000000 -0.93967630207532260 -0.34206497528692881 0.00000000000000000 0.34206497528692881 -0.93967630207532260 0.00000000000000000 3.50000000000000000
1 168.09487344197927428 -11.31748569364056323 0.00000000000000000 0.34186123038841065 0.93975044514877570 0.00000000000000000 
1 171.27379853562322864 -2.57886309975253347 0.00000000000000000 -0.34186123038840971 -0.93975044514877604 0.00000000000000000 
2 174.56292509364394050 -3.77537740611196782 0.00000000000000000 0.00000000000000000 0.00000000000000000 1.00000000000000000 0.93971586006473506 -0.34195628718126447 0.00000000000000000 0.34195628718126447 0.93971586006473506 -0.00000000000000000 3.50000000000000000
1 184.31184700513443886 -3.59841448977342759 0.00000000000000000 -0.93971586006473495 0.34195628718126453 0.00000000000000000 
1 184.31184700513443886 -3.59841448977342759 0.00000000000000000 0.93971586006473495 -0.34195628718126475 0.00000000000000000 
1 206.02075976669158308 -11.49814197353928691 0.00000000000000000 -0.93971586006473484 0.34195628718126486 0.00000000000000000 
2 204.82391276155715332 -14.78714748376585852 0.00000000000000000 0.00000000000000000 0.00000000000000000 1.00000000000000000 -0.34219042753764184 -0.93963062492747962 0.00000000000000000 0.93963062492747962 -0.34219042753764184 0.00000000000000000 3.50000000000000000
1 205.88770718724617836 -22.09426649638174922 0.00000000000000000 0.34219042753764167 0.93963062492747973 0.00000000000000000 
1 205.88770718724617836 -22.09426649638174922 0.00000000000000000 -0.34219042753764245 -0.93963062492747940 0.00000000000000000 
1 203.32160471161120086 -29.14060174941449688 0.00000000000000000 0.34219042753764412 0.93963062492747884 0.00000000000000000 
2 200.03289752436501203 -27.94293525303273995 0.00000000000000000 0.00000000000000000 0.00000000000000000 1.00000000000000000 -0.93970098849268824 0.34199715236513994 0.00000000000000000 -0.34199715236513994 -0.93970098849268824 0.00000000000000000 3.50000000000000000
1 190.28500996672201495 -28.11985345972441053 0.00000000000000000 0.93970098849268824 -0.34199715236513994 0.00000000000000000 
1 190.28500996672201495 -28.11985345972441053 0.00000000000000000 -0.93970098849268824 0.34199715236513983 0.00000000000000000 
1 168.58000770714755845 -20.22048008909488459 0.00000000000000000 0.93970098849268846 -0.34199715236513928 0.00000000000000000 
2 169.77699774042554282 -16.93152662937047737 0.00000000000000000 0.00000000000000000 0.00000000000000000 1.00000000000000000 0.34186123038841287 0.93975044514877482 -0.00000000000000000 -0.93975044514877482 0.34186123038841287 0.00000000000000000 3.50000000000000000
1 168.09487344197927428 -11.31748569364056323 0.00000000000000000 -0.34186123038841354 -0.93975044514877470 0.00000000000000000 
Polygon3D 0
PolygonOnTriangulations 0
Surfaces 8
2 74.08525159937767057 14.70586148796036241 0.00000000000000000 0.00000000000000000 0.00000000000000000 -1.00000000000000000 0.34186059515016121 0.93975067623470088 0.00000000000000000 0.93975067623470088 -0.34186059515016121 0.00000000000000000 3.50000000000000000
2 78.87149071869181682 27.86289541584192975 0.00000000000000000 0.00000000000000000 -0.00000000000000000 -1.00000000000000000 0.93967720227708695 -0.34206250235988533 0.00000000000000000 -0.34206250235988533 -0.93967720227708695 0.00000000000000000 3.50000000000000000
2 109.13111285414089480 16.84774889208478044 0.00000000000000000 0.00000000000000000 -0.00000000000000000 -1.00000000000000000 -0.34218583363365429 -0.93963229790191927 0.00000000000000000 -0.93963229790191927 0.34218583363365429 -0.00000000000000000 3.50000000000000000
2 104.34029128945313403 3.69229289946451900 0.00000000000000000 0.00000000000000000 0.00000000000000000 -1.00000000000000000 -0.93967630207532260 0.34206497528692881 0.00000000000000000 0.34206497528692881 0.93967630207532260 0.00000000000000000 3.50000000000000000
2 174.56292509364394050 3.77537740611196782 0.00000000000000000 0.00000000000000000 0.00000000000000000 -1.00000000000000000 0.93971586006473506 0.34195628718126447 0.00000000000000000 0.34195628718126447 -0.93971586006473506 0.00000000000000000 3.50000000000000000
2 204.82391276155715332 14.78714748376585852 0.00000000000000000 0.00000000000000000 0.00000000000000000 -1.00000000000000000 -0.34219042753764184 0.93963062492747962 0.00000000000000000 0.93963062492747962 0.34219042753764184 0.00000000000000000 3.50000000000000000
2 200.03289752436501203 27.94293525303273995 0.00000000000000000 0.00000000000000000 -0.00000000000000000 -1.00000000000000000 -0.93970098849268824 -0.34199715236513994 0.00000000000000000 -0.34199715236513994 0.93970098849268824 -0.00000000000000000 3.50000000000000000
2 169.77699774042554282 16.93152662937047737 0.00000000000000000 0.00000000000000000 -0.00000000000000000 -1.00000000000000000 0.34186123038841287 -0.93975044514877482 0.00000000000000000 -0.93975044514877482 -0.34186123038841287 0.00000000000000000 3.50000000000000000
Triangulations 0

TShapes 67
Ve
0.000000100000000
103.143063875948883 -0.403425842200890 0.000000000000000
0 0

0101101
*
Ve
0.000000100000000
94.592872586495744 -3.515902942736368 0.000000000000000
0 0

0101101
*
Ed
 0.000000100000000 1 1 0
1  1 0 0.000000000000000 9.099081535385759
0

0101000
+67 0 -66 0 *
Ve
0.000000100000000
81.438172586495753 -8.304532942736371 0.000000000000000
0 0

0101101
*
Ed
 0.000000100000000 1 1 0
1  2 0 0.000000000000000 13.999182453518483
0

0101000
+64 0 -66 0 *
Ve
0.000000100000000
72.888024185873419 -11.416994430696732 0.000000000000000
0 0

0101101
*
Ed
 0.000000100000000 1 1 0
1  3 0 0.000000000000000 9.099035893252706
0

0101000
+64 0 -62 0 *
Ve
0.000157146582209
70.796124232556224 -15.902373570985926 0.000000000000000
0 0

0101101
*
Ed
 0.000000100000000 1 1 0
1  4 0 3.141810145557632 4.712388980384690
2  1 1 5 3.141810145557632 4.712388980384690
2  2 1 7 3.141810145557632 4.712388980384690
0

0101000
+62 0 -60 0 *
Ve
0.000000100000000
72.402472633178547 -20.318112083025561 0.000000000000000
0 0

0101101
*
Ed
 0.000000100000000 1 1 0
1  5 0 0.000000000000000 4.698840473020116
0

0101000
+60 0 -58 0 *
Ve
0.000000100000000
73.359972633178558 -22.950212083025558 0.000000000000000
0 0

0101101
*
Ed
 0.000000100000000 1 1 0
1  6 0 0.000000000000000 2.800849274773637
0

0101000
+56 0 -58 0 *
Ve
0.000157146582209
75.582363351870356 -29.059407498867490 0.000000000000000
0 0

0101101
*
Ed
 0.000000100000000 1 1 0
1  7 0 0.000000000000000 6.500868337035562
0

0101000
+56 0 -54 0 *
Ve
0.000157146582209
80.068709476951412 -31.151765623811734 0.000000000000000
0 0

0101101
*
Ed
 0.000157146582209 1 1 0
1  8 0 3.141377793300386 4.712388980384690
2  3 2 5 3.141377793300386 4.712388980384690
2  4 2 7 3.141377793300386 4.712388980384690
0

0101000
+54 0 -52 0 *
Ve
0.000000100000000
88.621218758259602 -28.038470207969805 0.000000000000000
0 0

0101101
*
Ed
 0.000000100000000 1 1 0
1  9 0 0.000000000000000 9.101539614436950
0

0101000
+52 0 -50 0 *
Ve
0.000000100000000
101.776218758259589 -23.249770207969803 0.000000000000000
0 0

0101101
*
Ed
 0.000000100000000 1 1 0
1  10 0 0.000000000000000 13.999488301005851
0

0101000
+48 0 -50 0 *
Ve
0.000157146582209
110.328331612400490 -20.136619100054585 0.000000000000000
0 0

0101101
*
Ed
 0.000000100000000 1 1 0
1  11 0 0.000000000000000 9.101117738534963
0

0101000
+48 0 -46 0 *
Ve
0.000157146582209
112.419825896797619 -15.650098474366992 0.000000000000000
0 0

0101101
*
Ed
 0.000157146582209 1 1 0
1  12 0 3.141461401900191 4.712388980384690
2  5 3 5 3.141461401900191 4.712388980384690
2  6 3 7 3.141461401900191 4.712388980384690
0

0101000
+46 0 -44 0 *
Ve
0.000000100000000
110.195713042656720 -9.542749582282205 0.000000000000000
0 0

0101101
*
Ed
 0.000000100000000 1 1 0
1  13 0 0.000000000000000 6.499722184647898
0

0101000
+44 0 -42 0 *
Ve
0.000000100000000
109.237713042656708 -6.912109582282204 0.000000000000000
0 0

0101101
*
Ed
 0.000000100000000 1 1 0
1  14 0 0.000000000000000 2.799648336773751
0

0101000
+40 0 -42 0 *
Ve
0.000157146582209
107.629004332109844 -2.494642481746725 0.000000000000000
0 0

0101101
*
Ed
 0.000000100000000 1 1 0
1  15 0 0.000000000000000 4.701272093774480
0

0101000
+40 0 -38 0 *
Ed
 0.000000100000000 1 1 0
1  16 0 3.141721273600963 4.712388980384690
2  7 4 5 3.141721273600963 4.712388980384690
2  8 4 7 3.141721273600963 4.712388980384690
0

0101000
+38 0 -67 0 *
Wi

0101100
+65 0 -63 0 +61 0 +59 0 +57 0 -55 0 +53 0 +51 0 +49 0 -47 0 
+45 0 +43 0 +41 0 -39 0 +37 0 +36 0 *
Ve
0.000000100000000
168.094873441979274 -11.317485693640563 0.000000000000000
0 0

0101101
*
Ve
0.000000100000000
169.051873441979296 -8.686765693640565 0.000000000000000
0 0

0101101
*
Ed
 0.000000100000000 1 1 0
1  17 0 0.000000000000000 2.799381488543502
0

0101000
+34 0 -33 0 *
Ve
0.000157420487838
171.273798535623229 -2.578863099752533 0.000000000000000
0 0

0101101
*
Ed
 0.000000100000000 1 1 0
1  18 0 0.000000000000000 6.499494227875638
0

0101000
+31 0 -33 0 *
Ve
0.000000100000000
175.759772098778370 -0.486371895885395 0.000000000000000
0 0

0101101
*
Ed
 0.000000100000000 1 1 0
1  19 0 1.570796326794897 3.141693806552749
2  9 5 5 1.570796326794897 3.141693806552749
2  10 5 7 1.570796326794897 3.141693806552749
0

0101000
+29 0 -31 0 *
Ve
0.000000100000000
184.311847005134439 -3.598414489773428 0.000000000000000
0 0

0101101
*
Ed
 0.000000100000000 1 1 0
1  20 0 0.000000000000000 9.100702956920335
0

0101000
+27 0 -29 0 *
Ve
0.000000100000000
197.467847005134416 -8.385794489773428 0.000000000000000
0 0

0101101
*
Ed
 0.000000100000000 1 1 0
1  21 0 0.000000000000000 13.999976545137475
0

0101000
+27 0 -25 0 *
Ve
0.000000100000000
206.020759766691583 -11.498141973539287 0.000000000000000
0 0

0101101
*
Ed
 0.000000100000000 1 1 0
1  22 0 0.000000000000000 9.101594561751865
0

0101000
+23 0 -25 0 *
Ve
0.000157420487838
208.112619948803342 -15.984813980147605 0.000000000000000
0 0

0101101
*
Ed
 0.000000100000000 1 1 0
1  23 0 1.570796326794897 3.141841825689813
2  11 6 5 1.570796326794897 3.141841825689813
2  12 6 7 1.570796326794897 3.141841825689813
0

0101000
+21 0 -23 0 *
Ve
0.000000100000002
205.887707187246178 -22.094266496381749 0.000000000000000
0 0

0101101
*
Ed
 0.000000100000002 1 1 0
1  24 0 0.000000000000000 6.501972534905054
0

0101000
+19 0 -21 0 *
Ve
0.000000100000002
204.929707187246180 -24.724866496381754 0.000000000000000
0 0

0101101
*
Ed
 0.000000100000002 1 1 0
1  25 0 0.000000000000000 2.799610751515293
0

0101000
+19 0 -17 0 *
Ve
0.000157420487838
203.321604711611201 -29.140601749414493 0.000000000000000
0 0

0101101
*
Ed
 0.000000100000002 1 1 0
1  26 0 0.000000000000000 4.699437348983333
0

0101000
+15 0 -17 0 *
Ve
0.000157420487838
198.835907491087028 -31.231888712757151 0.000000000000000
0 0

0101101
*
Ed
 0.000157420487838 1 1 0
1  27 0 1.570796326794897 3.141386968578758
2  13 7 5 1.570796326794897 3.141386968578758
2  14 7 7 1.570796326794897 3.141386968578758
0

0101000
+13 0 -15 0 *
Ve
0.000000100000000
190.285009966722015 -28.119853459724411 0.000000000000000
0 0

0101101
*
Ed
 0.000000100000000 1 1 0
1  28 0 0.000000000000000 9.099594050742608
0

0101000
+11 0 -13 0 *
Ve
0.000000100000000
177.131009966722019 -23.332553459724409 0.000000000000000
0 0

0101101
*
Ed
 0.000000100000000 1 1 0
1  29 0 0.000000000000000 13.998069770150453
0

0101000
+11 0 -9 0 *
Ve
0.000157420487838
168.580007707147558 -20.220480089094885 0.000000000000000
0 0

0101101
*
Ed
 0.000000100000000 1 1 0
1  30 0 0.000000000000000 9.099705506632009
0

0101000
+7 0 -9 0 *
Ve
0.000157420487838
166.487871182404831 -15.735012323011032 0.000000000000000
0 0

0101101
*
Ed
 0.000157420487838 1 1 0
1  31 0 1.570796326794897 3.141448013537854
2  15 8 5 1.570796326794897 3.141448013537854
2  16 8 7 1.570796326794897 3.141448013537854
0

0101000
+5 0 -7 0 *
Ed
 0.000000100000000 1 1 0
1  32 0 0.000000000000000 4.700744386102544
0

0101000
+34 0 -5 0 *
Wi

0101100
+32 0 -30 0 -28 0 -26 0 +24 0 -22 0 -20 0 -18 0 +16 0 -14 0 
-12 0 -10 0 +8 0 -6 0 -4 0 -3 0 *
Co

0100000
+35 0 +2 0 *

+1 1 