
CASCADE Topology V1, (c) Matra-Datavision
Locations 7
1
-0.939692950827170 0.000000000000000 -0.342019236543394 -14.721589055763570 
-0.342019236543394 -0.000000000000000 0.939692950827170 40.447354951393997 
-0.000000000000000 1.000000000000000 0.000000000000000 0.000000000000000 
1
1.000000000000000 0.000000000000000 0.000000000000000 0.000000000000000 
0.000000000000000 1.000000000000000 0.000000000000000 0.000000000000000 
0.000000000000000 0.000000000000000 1.000000000000000 0.000000000000000 
1
-0.939692950827170 0.000000000000000 -0.342019236543394 -14.721589055763570 
-0.342019236543394 -0.000000000000000 0.939692950827170 40.447354951393997 
-0.000000000000000 1.000000000000000 0.000000000000000 0.000000000000000 
1
1.000000000000000 0.000000000000000 0.000000000000000 0.000000000000000 
0.000000000000000 1.000000000000000 0.000000000000000 0.000000000000000 
0.000000000000000 0.000000000000000 1.000000000000000 0.000000000000000 
2  2 1 3 -1 4 -1 0
1
1.000000000000000 0.000000000000000 0.000000000000000 1.026057709630182 
0.000000000000000 1.000000000000000 0.000000000000000 -2.819078852481510 
0.000000000000000 0.000000000000000 1.000000000000000 -0.000000000000000 
2  6 -1 2 1 3 -1 4 -1 0
Curve2ds 4
1 0.00000000000000000 0.00000000000000000 1.00000000000000000 0.00000000000000000 
1 0.00000000000000000 -3.00000000000000089 1.00000000000000000 0.00000000000000000 
1 0.00000000000000000 0.00000000000000000 1.00000000000000000 0.00000000000000000 
1 0.00000000000000000 -3.00000000000000089 1.00000000000000000 0.00000000000000000 
Curves 6
2 -270.65382464801797369 7.50000000000000000 0.00000000000000000 0.00000000000000000 0.00000000000000000 1.00000000000000000 1.00000000000000000 0.00000000000000000 0.00000000000000000 0.00000000000000000 1.00000000000000000 0.00000000000000000 6.00000000000000000
1 -270.65382464801797369 1.50000000000000000 0.00000000000000000 1.00000000000000000 0.00000000000000000 0.00000000000000000 
1 -266.65382445746729445 1.50000000000000000 0.00000000000000000 1.00000000000000000 0.00000000000000000 0.00000000000000000 
2 -258.65382407636587914 7.50000000000000000 0.00000000000000000 0.00000000000000000 0.00000000000000000 1.00000000000000000 -1.00000000000000000 -0.00000000000000012 0.00000000000000000 0.00000000000000012 -1.00000000000000000 0.00000000000000000 6.00000000000000000
1 -266.65382445746729445 13.50000000000000000 0.00000000000000000 1.00000000000000000 0.00000000000000000 0.00000000000000000 
1 -270.65382464801797369 13.50000000000000000 0.00000000000000000 1.00000000000000000 0.00000000000000000 0.00000000000000000 
Polygon3D 0
PolygonOnTriangulations 0
Surfaces 2
2 239.60990208039194727 133.01616942505876295 7.50000000000000888 -0.34201923654339400 0.93969295082716997 0.00000000000000043 -0.93969295082716997 -0.34201923654339400 -0.00000000000000003 0.00000000000000012 -0.00000000000000041 1.00000000000000000 6.00000000000000178
2 228.33358613328846332 128.91193839102200513 7.50000000000000888 -0.34201923654339400 0.93969295082716997 0.00000000000000043 0.93969295082716997 0.34201923654339400 -0.00000000000000009 -0.00000000000000023 0.00000000000000037 -1.00000000000000000 6.00000000000000178
Triangulations 0

TShapes 13
Ve
0.000000100000000
-270.653824648017974 13.500000000000000 0.000000000000000
0 0

0101101
*
Ve
0.000000100000000
-270.653824648017974 1.500000000000000 0.000000000000000
0 0

0101101
*
Ed
 0.000000100000000 1 1 0
1  1 0 1.570796326794897 4.712388980384690
2  1 1 5 1.570796326794897 4.712388980384690
2  2 1 7 1.570796326794897 4.712388980384690
0

0101000
+13 0 -12 0 *
Ve
0.000000100000000
-266.653824457467294 1.500000000000000 0.000000000000000
0 0

0101101
*
Ed
 0.000000100000000 1 1 0
1  2 0 0.000000000000000 4.000000190550679
0

0101000
+12 0 -10 0 *
Ve
0.000000100000000
-258.653824076365879 1.500000000000000 0.000000000000000
0 0

0101101
*
Ed
 0.000000100000000 1 1 0
1  3 0 0.000000000000000 8.000000381101415
0

0101000
+10 0 -8 0 *
Ve
0.000000100000000
-258.653824076365879 13.500000000000000 0.000000000000000
0 0

0101101
*
Ed
 0.000000100000000 1 1 0
1  4 0 1.570796326794897 4.712388980384690
2  3 2 5 1.570796326794897 4.712388980384690
2  4 2 7 1.570796326794897 4.712388980384690
0

0101000
+8 0 -6 0 *
Ve
0.000000100000000
-266.653824457467294 13.500000000000000 0.000000000000000
0 0

0101101
*
Ed
 0.000000100000000 1 1 0
1  5 0 0.000000000000000 8.000000381101415
0

0101000
+4 0 -6 0 *
Ed
 0.000000100000000 1 1 0
1  6 0 0.000000000000000 4.000000190550679
0

0101000
+13 0 -4 0 *
Wi

0101100
+11 0 +9 0 +7 0 +5 0 -3 0 -2 0 *

+1 1 