
CASCADE Topology V1, (c) Matra-Datavision
Locations 7
1
1.000000000000000 0.000000000000000 0.000000000000000 0.000000000000000 
0.000000000000000 1.000000000000000 0.000000000000000 0.000000000000000 
0.000000000000000 0.000000000000000 1.000000000000000 27.000000000000000 
1
1.000000000000000 0.000000000000000 0.000000000000000 0.000000000000000 
0.000000000000000 1.000000000000000 0.000000000000000 0.000000000000000 
0.000000000000000 0.000000000000000 1.000000000000000 0.000000000000000 
1
1.000000000000000 0.000000000000000 0.000000000000000 0.000000000000000 
0.000000000000000 1.000000000000000 0.000000000000000 0.000000000000000 
0.000000000000000 0.000000000000000 1.000000000000000 27.000000000000000 
1
1.000000000000000 0.000000000000000 0.000000000000000 0.000000000000000 
0.000000000000000 1.000000000000000 0.000000000000000 0.000000000000000 
0.000000000000000 0.000000000000000 1.000000000000000 0.000000000000000 
2  2 1 3 -1 4 -1 0
1
1.000000000000000 0.000000000000000 0.000000000000000 -0.000000000000000 
0.000000000000000 1.000000000000000 0.000000000000000 -0.000000000000000 
0.000000000000000 0.000000000000000 1.000000000000000 -23.000000000000000 
2  6 -1 2 1 3 -1 4 -1 0
Curve2ds 12
1 0.00000000000000000 0.00000000000000000 1.00000000000000000 0.00000000000000000 
1 0.00000000000000000 -23.00000000000000000 1.00000000000000000 0.00000000000000000 
1 0.00000000000000000 0.00000000000000000 1.00000000000000000 0.00000000000000000 
1 0.00000000000000000 -23.00000000000000000 1.00000000000000000 0.00000000000000000 
1 0.00000000000000000 0.00000000000000000 1.00000000000000000 0.00000000000000000 
1 0.00000000000000000 -23.00000000000000000 1.00000000000000000 0.00000000000000000 
1 0.00000000000000000 0.00000000000000000 1.00000000000000000 0.00000000000000000 
1 0.00000000000000000 -23.00000000000000000 1.00000000000000000 0.00000000000000000 
1 0.00000000000000000 0.00000000000000000 1.00000000000000000 0.00000000000000000 
1 0.00000000000000000 -23.00000000000000000 1.00000000000000000 0.00000000000000000 
1 0.00000000000000000 0.00000000000000000 1.00000000000000000 0.00000000000000000 
1 0.00000000000000000 -23.00000000000000000 1.00000000000000000 0.00000000000000000 
Curves 12
1 140.70769130059645136 92.76210708473520583 0.00000000000000000 0.93969295082716997 0.34201923654339389 0.00000000000000000 
2 245.97700000000000387 125.75600000000002865 0.00000000000000000 -0.00000000000000000 0.00000000000000000 1.00000000000000000 0.34200635726225986 -0.93969763838811449 0.00000000000000000 0.93969763838811449 0.34200635726225986 0.00000000000000000 4.99999999999999467
1 250.67548819194055909 127.46603178631131925 0.00000000000000000 0.34200635726226047 -0.93969763838811426 0.00000000000000000 
2 276.82600000000002183 40.99520000000001119 0.00000000000000000 0.00000000000000000 0.00000000000000000 1.00000000000000000 -0.93969296856890550 -0.34201918779822582 0.00000000000000000 0.34201918779822582 -0.93969296856890550 0.00000000000000000 5.00000000000001421
1 278.53609593899113861 36.29673515715546728 0.00000000000000000 -0.93969296856890561 -0.34201918779822543 0.00000000000000000 
2 139.33908568533291827 -9.04578608761543279 0.00000000000000000 0.00000000000000000 0.00000000000000000 1.00000000000000000 -0.93969247122833621 0.34202055423144190 0.00000000000000000 -0.34202055423144190 -0.93969247122833621 0.00000000000000000 5.00000000000001421
1 0.36935722884280109 36.21423764385831845 0.00000000000000000 0.93969247122833621 -0.34202055423144184 0.00000000000000000 
2 2.07946000000001163 40.91270000000000095 0.00000000000000000 0.00000000000000000 -0.00000000000000000 1.00000000000000000 0.34203300434180661 0.93968793965918163 0.00000000000000000 -0.93968793965918163 0.34203300434180661 0.00000000000000000 5.00000000000000000
1 28.23256030170409048 127.38316502170903277 0.00000000000000000 -0.34203300434180645 -0.93968793965918163 0.00000000000000000 
2 32.93099999999999739 125.67300000000000182 0.00000000000000000 -0.00000000000000000 0.00000000000000000 1.00000000000000000 0.93969217427410812 -0.34202137010426598 0.00000000000000000 0.34202137010426598 0.93969217427410812 0.00000000000000000 4.99999999999999822
1 34.64110685052132510 130.37146087137054451 0.00000000000000000 0.93969217427410812 -0.34202137010426603 0.00000000000000000 
2 139.33961435442287780 96.52087888804388172 0.00000000000000000 0.00000000000000000 0.00000000000000000 1.00000000000000000 -0.93969217427410801 0.34202137010426625 0.00000000000000000 -0.34202137010426625 -0.93969217427410801 0.00000000000000000 4.00000000000000000
Polygon3D 0
PolygonOnTriangulations 0
Surfaces 6
2 245.97700000000000387 125.75600000000002865 27.00000000000000000 -0.00000000000000000 0.00000000000000000 1.00000000000000000 0.34200635726225986 -0.93969763838811449 0.00000000000000000 0.93969763838811449 0.34200635726225986 0.00000000000000000 4.99999999999999467
2 276.82600000000002183 40.99520000000001119 27.00000000000000000 0.00000000000000000 0.00000000000000000 1.00000000000000000 -0.93969296856890550 -0.34201918779822582 0.00000000000000000 0.34201918779822582 -0.93969296856890550 0.00000000000000000 5.00000000000001421
2 139.33908568533291827 -9.04578608761543279 27.00000000000000000 0.00000000000000000 0.00000000000000000 1.00000000000000000 -0.93969247122833621 0.34202055423144190 0.00000000000000000 -0.34202055423144190 -0.93969247122833621 0.00000000000000000 5.00000000000001421
2 2.07946000000001163 40.91270000000000095 27.00000000000000000 0.00000000000000000 -0.00000000000000000 1.00000000000000000 0.34203300434180661 0.93968793965918163 0.00000000000000000 -0.93968793965918163 0.34203300434180661 0.00000000000000000 5.00000000000000000
2 32.93099999999999739 125.67300000000000182 27.00000000000000000 -0.00000000000000000 0.00000000000000000 1.00000000000000000 0.93969217427410812 -0.34202137010426598 0.00000000000000000 0.34202137010426598 0.93969217427410812 0.00000000000000000 4.99999999999999822
2 139.33961435442287780 96.52087888804388172 27.00000000000000000 0.00000000000000000 0.00000000000000000 1.00000000000000000 -0.93969217427410801 0.34202137010426625 0.00000000000000000 -0.34202137010426625 -0.93969217427410801 0.00000000000000000 4.00000000000000000
Triangulations 0

TShapes 25
Ve
0.000000100000000
140.707691300596451 92.762107084735206 0.000000000000000
0 0

0101101
*
Ve
0.000000100000000
244.266903817283037 130.454464754135870 0.000000000000000
0 0

0101101
*
Ed
 0.000000100000000 1 1 0
1  1 0 0.000000000000000 110.205373388752164
0

0101000
+25 0 -24 0 *
Ve
0.000000100000000
250.675488191940559 127.466031786311319 0.000000000000000
0 0

0101101
*
Ed
 0.000000100000000 1 1 0
1  2 0 1.570796326794896 3.141606359395502
2  1 1 5 1.570796326794896 3.141606359395502
2  2 1 7 1.570796326794896 3.141606359395502
0

0101000
+22 0 -24 0 *
Ve
0.000000100000000
281.524488191940634 42.705231786311316 0.000000000000000
0 0

0101101
*
Ed
 0.000000100000000 1 1 0
1  3 0 0.000000000000000 90.200077703070775
0

0101000
+22 0 -20 0 *
Ve
0.000000100000000
278.536095938991139 36.296735157155467 0.000000000000000
0 0

0101101
*
Ed
 0.000000100000000 1 1 0
1  4 0 1.570796326794896 3.141578999657590
2  3 2 5 1.570796326794896 3.141578999657590
2  4 2 7 1.570796326794896 3.141578999657590
0

0101000
+18 0 -20 0 *
Ve
0.000000100000000
141.049181624324035 -13.744250930459977 0.000000000000000
0 0

0101101
*
Ed
 0.000000100000000 1 1 0
1  5 0 0.000000000000000 146.310464070036829
0

0101000
+18 0 -16 0 *
Ve
0.000000100000002
137.628982914175708 -13.744248443757124 0.000000000000000
0 0

0101101
*
Ed
 0.000000100000000 1 1 0
1  6 0 1.570796326794897 2.268927448018575
2  5 3 5 1.570796326794897 2.268927448018575
2  6 3 7 1.570796326794897 2.268927448018575
0

0101000
+14 0 -16 0 *
Ve
0.000000100000000
0.369357228842801 36.214237643858318 0.000000000000000
0 0

0101101
*
Ed
 0.000000100000000 1 1 0
1  7 0 0.000000000000000 146.068665960376876
0

0101000
+12 0 -14 0 *
Ve
0.000000100000000
-2.618979698295896 42.622865021709032 0.000000000000000
0 0

0101101
*
Ed
 0.000000100000000 1 1 0
1  8 0 1.570796326794897 3.141605902754563
2  7 4 5 1.570796326794897 3.141605902754563
2  8 4 7 1.570796326794897 3.141605902754563
0

0101000
+10 0 -12 0 *
Ve
0.000000100000000
28.232560301704090 127.383165021709033 0.000000000000000
0 0

0101101
*
Ed
 0.000000100000000 1 1 0
1  9 0 0.000000000000000 90.200476586665545
0

0101000
+8 0 -10 0 *
Ve
0.000000100000000
34.641106850521325 130.371460871370545 0.000000000000000
0 0

0101101
*
Ed
 0.000000100000000 1 1 0
1  10 0 1.570796326794896 3.141580272659024
2  9 5 5 1.570796326794896 3.141580272659024
2  10 5 7 1.570796326794896 3.141580272659024
0

0101000
+6 0 -8 0 *
Ve
0.000000100000000
137.971528874005799 92.762110190947453 0.000000000000000
0 0

0101101
*
Ed
 0.000000100000000 1 1 0
1  11 0 0.000000000000000 109.961990588359413
0

0101000
+6 0 -4 0 *
Ed
 0.000000100000000 1 1 0
1  12 0 1.570796326794896 2.268928368126081
2  11 6 5 1.570796326794896 2.268928368126081
2  12 6 7 1.570796326794896 2.268928368126081
0

0101000
+4 0 -25 0 *
Wi

0101100
+23 0 -21 0 +19 0 -17 0 +15 0 -13 0 -11 0 -9 0 -7 0 -5 0 
+3 0 +2 0 *

+1 1 