
CASCADE Topology V1, (c) Matra-Datavision
Locations 6
1
1.000000000000000 0.000000000000000 0.000000000000000 0.000000000000000 
0.000000000000000 1.000000000000000 0.000000000000000 0.000000000000000 
0.000000000000000 0.000000000000000 1.000000000000000 0.000000000000000 
1
1.000000000000000 0.000000000000000 0.000000000000000 0.000000000000000 
0.000000000000000 1.000000000000000 0.000000000000000 0.000000000000000 
0.000000000000000 0.000000000000000 1.000000000000000 0.000000000000000 
1
1.000000000000000 0.000000000000000 0.000000000000000 0.000000000000000 
0.000000000000000 1.000000000000000 0.000000000000000 0.000000000000000 
0.000000000000000 0.000000000000000 1.000000000000000 0.000000000000000 
2  2 1 3 -1 1 -1 0
1
1.000000000000000 0.000000000000000 0.000000000000000 0.000000000000000 
0.000000000000000 1.000000000000000 0.000000000000000 0.000000000000000 
0.000000000000000 0.000000000000000 1.000000000000000 27.000000000000000 
2  5 -1 2 1 3 -1 1 -1 0
Curve2ds 10
1 0.00000000000000000 0.00000000000000000 1.00000000000000000 0.00000000000000000 
1 0.00000000000000000 -27.00000000000000000 1.00000000000000000 0.00000000000000000 
1 0.00000000000000000 0.00000000000000000 1.00000000000000000 0.00000000000000000 
1 0.00000000000000000 -27.00000000000000000 1.00000000000000000 0.00000000000000000 
1 0.00000000000000000 0.00000000000000000 1.00000000000000000 0.00000000000000000 
1 0.00000000000000000 -27.00000000000000000 1.00000000000000000 0.00000000000000000 
1 0.00000000000000000 0.00000000000000000 1.00000000000000000 0.00000000000000000 
1 0.00000000000000000 -27.00000000000000000 1.00000000000000000 0.00000000000000000 
1 0.00000000000000000 0.00000000000000000 1.00000000000000000 0.00000000000000000 
1 0.00000000000000000 -27.00000000000000000 1.00000000000000000 0.00000000000000000 
Curves 11
1 139.33961435442287780 96.52087888804388172 0.00000000000000000 0.93969295082716997 0.34201923654339400 0.00000000000000000 
2 245.97700000000000387 125.75600000000002865 0.00000000000000000 -0.00000000000000000 0.00000000000000000 1.00000000000000000 0.34200635726225986 -0.93969763838811449 0.00000000000000000 0.93969763838811449 0.34200635726225986 0.00000000000000000 9.00000000000000355
1 254.43427874549303169 128.83405721536036026 0.00000000000000000 0.34200635726225959 -0.93969763838811460 0.00000000000000000 
2 276.82600000000002183 40.99520000000001119 0.00000000000000000 0.00000000000000000 0.00000000000000000 1.00000000000000000 -0.93969296856890550 -0.34201918779822582 0.00000000000000000 0.34201918779822582 -0.93969296856890550 0.00000000000000000 8.99999999999998934
1 279.90417269018405477 32.53796328287987194 0.00000000000000000 -0.93969296856890561 -0.34201918779822560 0.00000000000000000 
2 139.33908568533291827 -9.04578608761542569 0.00000000000000000 0.00000000000000000 0.00000000000000000 1.00000000000000000 -0.93969247122833621 0.34202055423144190 0.00000000000000000 -0.34202055423144190 -0.93969247122833621 0.00000000000000000 9.00000000000001243
1 -0.99872498808296806 32.45546775894497671 0.00000000000000000 0.93969247122833621 -0.34202055423144190 0.00000000000000000 
2 2.07946000000001163 40.91270000000000095 0.00000000000000000 0.00000000000000000 -0.00000000000000000 1.00000000000000000 0.34203300434180661 0.93968793965918163 0.00000000000000000 -0.93968793965918163 0.34203300434180661 0.00000000000000000 9.00000000000000178
1 24.47380854306736353 128.75129703907626322 0.00000000000000000 -0.34203300434180645 -0.93968793965918163 0.00000000000000000 
2 32.93099999999999739 125.67300000000000182 0.00000000000000000 -0.00000000000000000 0.00000000000000000 1.00000000000000000 0.93969217427410812 -0.34202137010426598 0.00000000000000000 0.34202137010426598 0.93969217427410812 0.00000000000000000 8.99999999999999822
1 36.00919233093832617 134.13022956846700140 0.00000000000000000 0.93969217427410812 -0.34202137010426603 0.00000000000000000 
Polygon3D 0
PolygonOnTriangulations 0
Surfaces 5
2 245.97700000000000387 125.75600000000002865 0.00000000000000000 0.00000000000000000 -0.00000000000000000 -1.00000000000000000 0.34200635726225986 -0.93969763838811449 0.00000000000000000 0.93969763838811449 0.34200635726225986 -0.00000000000000000 9.00000000000000355
2 276.82600000000002183 40.99520000000001119 0.00000000000000000 -0.00000000000000000 -0.00000000000000000 -1.00000000000000000 -0.93969296856890550 -0.34201918779822582 0.00000000000000000 0.34201918779822582 -0.93969296856890550 -0.00000000000000000 8.99999999999998934
2 139.33908568533291827 -9.04578608761542569 0.00000000000000000 -0.00000000000000000 -0.00000000000000000 -1.00000000000000000 -0.93969247122833621 0.34202055423144190 0.00000000000000000 -0.34202055423144190 -0.93969247122833621 0.00000000000000000 9.00000000000001243
2 2.07946000000001163 40.91270000000000095 0.00000000000000000 -0.00000000000000000 0.00000000000000000 -1.00000000000000000 0.34203300434180661 0.93968793965918163 0.00000000000000000 -0.93968793965918163 0.34203300434180661 0.00000000000000000 9.00000000000000178
2 32.93099999999999739 125.67300000000000182 0.00000000000000000 0.00000000000000000 -0.00000000000000000 -1.00000000000000000 0.93969217427410812 -0.34202137010426598 0.00000000000000000 0.34202137010426598 0.93969217427410812 -0.00000000000000000 8.99999999999999822
Triangulations 0

TShapes 23
Ve
0.000000100000000
139.339614354422878 96.520878888043882 0.000000000000000
0 0

0101101
*
Ve
0.000000100000000
242.898826871109463 134.213236557444560 0.000000000000000
0 0

0101101
*
Ed
 0.000000100000000 1 1 0
1  1 0 0.000000000000000 110.205373388752164
0

0101000
+23 0 -22 0 *
Ve
0.000000100000000
254.434278745493032 128.834057215360360 0.000000000000000
0 0

0101101
*
Ed
 0.000000100000000 1 1 0
1  2 0 1.570796326794897 3.141606359395502
2  1 1 4 1.570796326794897 3.141606359395502
2  2 1 6 1.570796326794897 3.141606359395502
0

0101000
+20 0 -22 0 *
Ve
0.000000100000000
285.283278745493021 44.073257215360343 0.000000000000000
0 0

0101101
*
Ed
 0.000000100000000 1 1 0
1  3 0 0.000000000000000 90.200077703070761
0

0101000
+20 0 -18 0 *
Ve
0.000000100000000
279.904172690184055 32.537963282879872 0.000000000000000
0 0

0101101
*
Ed
 0.000000100000000 1 1 0
1  4 0 1.570796326794897 3.141578999657590
2  3 2 4 1.570796326794897 3.141578999657590
2  4 2 6 1.570796326794897 3.141578999657590
0

0101000
+16 0 -18 0 *
Ve
0.000000100000002
142.417258375516951 -17.503022804735593 0.000000000000000
0 0

0101101
*
Ed
 0.000000100000000 1 1 0
1  5 0 0.000000000000000 146.310464070036829
0

0101000
+16 0 -14 0 *
Ve
0.000000100000000
136.260900697249923 -17.503018328670464 0.000000000000000
0 0

0101101
*
Ed
 0.000000100000000 1 1 0
1  6 0 1.570796326794897 2.268927448018575
2  5 3 4 1.570796326794897 2.268927448018575
2  6 3 6 1.570796326794897 2.268927448018575
0

0101000
+12 0 -14 0 *
Ve
0.000000100000000
-0.998724988082968 32.455467758944977 0.000000000000000
0 0

0101101
*
Ed
 0.000000100000000 1 1 0
1  7 0 0.000000000000000 146.068665960376876
0

0101000
+10 0 -12 0 *
Ve
0.000000100000001
-6.377731456932623 43.990997039076262 0.000000000000000
0 0

0101101
*
Ed
 0.000000100000000 1 1 0
1  8 0 1.570796326794897 3.141605902754563
2  7 4 4 1.570796326794897 3.141605902754563
2  8 4 6 1.570796326794897 3.141605902754563
0

0101000
+8 0 -10 0 *
Ve
0.000000100000000
24.473808543067364 128.751297039076263 0.000000000000000
0 0

0101101
*
Ed
 0.000000100000000 1 1 0
1  9 0 0.000000000000000 90.200476586665545
0

0101000
+6 0 -8 0 *
Ve
0.000000100000000
36.009192330938326 134.130229568467001 0.000000000000000
0 0

0101101
*
Ed
 0.000000100000000 1 1 0
1  10 0 1.570796326794905 3.141580272659024
2  9 5 4 1.570796326794905 3.141580272659024
2  10 5 6 1.570796326794905 3.141580272659024
0

0101000
+4 0 -6 0 *
Ed
 0.000000100000000 1 1 0
1  11 0 0.000000000000000 109.961990588359498
0

0101000
+4 0 -23 0 *
Wi

0101100
+21 0 -19 0 +17 0 -15 0 +13 0 -11 0 -9 0 -7 0 -5 0 -3 0 
+2 0 *

+1 1 